0 42
1 0
2 0
3 0
4 0
5 0
6 0
7 0
8 1
9 0
10 0
11 1
12 0
13 0
14 0
15 0
16 0
17 0
18 2
19 4
20 1
21 0
22 1
23 0
24 6
25 0
26 1
27 2
28 1
29 1
30 1
31 1
32 0
33 11
34 1
35 0
36 3
37 1
38 1
39 12
40 1
41 1
42 6
43 6
44 2
45 1
46 2
47 1
48 1
49 40
50 0
51 4
52 4
53 1
54 2
55 3
56 1
57 5
58 1
59 22
60 2
61 3
62 4
63 1
64 7
65 4
66 17
67 4
68 5
69 6
70 10
71 5
72 7
73 5
74 21
75 3
76 6
77 9
78 6
79 30
80 6
81 10
82 12
83 23
84 8
85 6
86 14
87 14
88 4
89 10
90 3
91 5
92 5
93 3
94 2
95 0
96 0
97 1
98 2
99 214
